Alabama: 33.207579, -87.550486

Arizona: 32.228812, -110.948857

Arizona State: 33.426429, -111.932590

Arkansas: 36.068081, -94.178921

Auburn: 32.602219, -85.489141

Baylor: 31.558221, -97.115622

Boston College: 42.335131, -71.166462

Cal: 37.870995, -122.250778

Clemson: 34.678737, -82.843190

Colorado: 40.009465, -105.266946

Duke: 35.995356, -78.941716

Florida: 29.649916, -82.348627

Florida State: 30.438149, -84.304423

Georgia: 33.949802, -83.373361

Georgia Tech: 33.772505, -84.392856

Illinois: 40.099308, -88.235955

Indiana: 39.180900, -86.525611

Iowa: 41.658654, -91.551088

Iowa State: 42.014001, -93.635780

Kansas: 38.963007, -95.246364

Kansas State: 39.202003, -96.593840

Kentucky: 38.022748, -84.505180

Louisville: 38.205901, -85.758794

LSU: 30.412026, -91.183811

Maryland: 38.990271, -76.947236

Miami: 25.957925, -80.238837

Michigan: 42.265869, -83.748726

Michigan State: 42.728172, -84.484863

Minnesota: 44.976521, -93.224566

Mississippi State: 33.456340, -88.793350

Missouri: 38.935846, -92.333211

NC State: 35.800780, -78.719463

Nebraska: 40.820637, -96.705662

Northwestern: 42.065414, -87.692491

Notre Dame: 41.698397, -86.233928

Ohio State: 40.001651, -83.019732

Oklahoma: 35.205847, -97.442321

Oklahoma State: 36.125690, -97.066465

Ole Miss: 34.361997, -89.534244

Oregon: 44.058274, -123.068511

Oregon State: 44.559537, -123.281407

Penn State: 40.812207, -77.856121

Pitt: 40.446787, -80.015774

Purdue: 40.434435, -86.918419

Rutgers: 40.513557, -74.465294

South Carolina: 33.973090, -81.019183

Stanford: 37.434508, -122.161103

Syracuse: 43.036182, -76.136411

TCU: 32.709647, -97.368089

Tennessee: 35.954982, -83.924979

Texas: 30.283665, -97.732547

Texas A&M: 30.609829, -96.340473

Texas Tech: 33.591071, -101.872910

UCLA: 34.161335, -118.167587

North Carolina: 35.906959, -79.047870

Southern California: 34.014045, -118.288058

Utah: 40.760003, -111.848863

Virginia: 38.031120, -78.513700

Vanderbilt: 36.144029, -86.808931

Virginia Tech: 37.219995, -80.418010

Wake Forest: 36.130570, -80.254569

Washington: 47.650322, -122.301609

Washington State: 46.731820, -117.160468

Wisconsin: 43.069944, -89.412702

West Virginia: 39.650175, -79.955075
